function init_ricetta()
  global ricetta;
  ricetta= [
    100 200;
    100 200;
    500 550;
    100 200;
    1000 1100;
    100 200;
    1000 1100;
    100 200;
    500 550;
    100 200
  ];
  endfunction 